1 1 1
1 4 8
1 8 G
1 9 2
1 11 E
1 12 B
1 16 F
2 3 E
2 4 4
2 5 8
2 7 2
2 8 B
2 11 G
2 14 D
2 15 A
3 2 B
3 4 3
3 6 D
3 7 6
3 8 7
3 11 9
3 12 F
3 13 1
3 15 G
4 1 G
4 2 F
4 3 D
4 11 6
4 12 A
4 13 4
4 16 2
5 2 C
5 5 E
5 7 B
5 10 1
5 15 D
5 16 4
6 3 4
6 6 5
6 7 D
6 13 F
7 2 E
7 3 B
7 5 F
7 6 7
7 10 C
7 11 A
7 15 3
8 1 2
8 2 5
8 3 7
8 9 9
8 11 4
8 12 D
8 13 E
8 14 G
8 15 6
9 1 E
9 8 5
9 12 6
9 13 B
9 14 A
9 16 7
10 5 7
10 7 G
10 10 E
10 13 9
10 14 6
10 16 1
11 1 6
11 2 G
11 3 1
11 4 F
11 7 A
11 8 8
11 11 5
11 14 2
11 15 C
11 16 3
12 1 B
12 3 C
12 4 5
12 8 9
12 9 D
12 12 1
13 3 6
13 4 C
13 6 4
13 8 D
13 9 F
13 10 3
13 15 B
13 16 A
14 2 4
14 8 F
14 9 A
14 10 2
14 11 1
15 2 1
15 3 F
15 5 C
15 7 7
15 8 E
15 11 D
15 13 2
15 15 4
16 1 3
16 4 2
16 5 9
16 9 4
16 10 B
16 11 C
16 13 7
16 16 G
