1 2 2
1 3 E
1 7 G
1 8 4
1 12 1
1 15 5
2 3 9
2 6 A
2 8 1
2 14 4
3 5 D
3 6 6
3 10 E
3 13 F
3 14 C
3 16 G
4 1 6
4 2 5
4 3 A
4 5 8
4 6 2
4 10 C
4 14 1
4 16 7
5 1 9
5 3 5
5 4 4
5 5 1
5 8 2
5 13 C
5 15 7
6 5 B
6 8 D
6 10 3
6 16 1
7 5 G
7 9 D
7 10 A
7 11 F
7 12 9
7 13 E
7 15 4
8 1 A
8 4 B
8 6 4
8 7 8
8 8 F
8 13 5
8 15 D
9 2 B
9 4 1
9 9 A
9 10 7
9 11 4
9 13 3
9 16 6
10 2 7
10 4 2
10 5 E
10 6 G
10 7 6
10 8 A
10 12 B
11 1 G
11 7 1
11 9 C
11 12 E
12 2 4
12 4 A
12 9 F
12 12 2
12 13 G
12 14 5
12 16 B
13 1 B
13 3 C
13 7 E
13 11 D
13 12 7
13 14 9
13 15 6
13 16 2
14 1 8
14 3 7
14 4 9
14 7 B
14 11 E
14 12 A
15 3 4
15 9 B
15 11 2
15 14 8
16 2 6
16 5 C
16 9 9
16 10 8
16 14 E
16 15 1
